Inference summary: AQUA1474.csv
Model: bream_carp_presence ensemble (Platt a=1.0000, b=0.0000)
Threshold: 0.5
Samples: 30041  (751.0s)
Windows: 6001
Positive windows: 347
Detections (NMS): 62

Most important electrode: F32

  #   Sample   Time(s)  Peak prob   SpanStart   SpanEnd
------------------------------------------------------------
  1     3034     75.85     0.5649       75.38     76.35
  2     3144     78.60     0.5159       78.12     79.10
  3     3279     81.97     0.6688       79.50     82.72
  4     3769     94.22     0.6275       93.75     94.85
  5     4104    102.60     0.5277      102.12    103.10
  6     5504    137.60     0.6780      137.12    138.10
  7     6694    167.35     0.6910      166.12    172.60
  8     7514    187.85     0.6379      187.12    189.35
  9     8254    206.35     0.7370      205.88    206.97
 10     8369    209.22     0.5887      208.75    209.97
 11     8544    213.60     0.6124      213.00    214.22
 12     8744    218.60     0.6293      217.75    219.60
 13     8879    221.97     0.8126      219.62    222.85
 14     8934    223.35     0.5321      222.88    223.85
 15     9114    227.85     0.5883      227.38    228.47
 16     9244    231.10     0.5518      230.38    231.85
 17     9504    237.60     0.6349      236.25    238.72
 18    10094    252.35     0.7090      251.75    253.22
 19    10214    255.35     0.7644      254.50    257.35
 20    11039    275.98     0.8043      275.50    276.73
 21    11329    283.23     0.8654      282.50    283.98
 22    11499    287.48     0.9935      286.62    290.98
 23    11679    291.98     0.8241      291.25    292.85
 24    11869    296.73     0.7808      296.25    297.85
 25    12079    301.98     0.5419      301.38    302.48
 26    12469    311.73     0.5021      311.25    312.23
 27    13019    325.48     0.6725      324.88    326.35
 28    13194    329.85     0.7147      329.25    330.48
 29    13319    332.98     0.8855      332.38    333.85
 30    13539    338.48     0.8903      337.75    339.10
 31    13629    340.73     0.6996      340.12    341.35
 32    13994    349.85     0.8574      349.38    350.73
 33    14059    351.48     0.6735      351.00    351.98
 34    14194    354.85     0.6057      354.38    355.35
 35    14384    359.60     0.8213      358.62    360.60
 36    15414    385.35     0.6591      384.88    385.85
 37    17599    439.98     0.5308      439.50    440.48
 38    17659    441.48     0.5515      441.00    441.98
 39    17859    446.48     0.5653      446.00    446.98
 40    21509    537.73     0.7472      537.25    538.35
 41    21774    544.35     0.5592      543.75    544.85
 42    22479    561.98     0.9105      561.25    562.60
 43    22659    566.48     0.5038      566.00    566.98
 44    22719    567.98     0.7472      567.00    568.85
 45    22904    572.60     0.9018      571.88    573.35
 46    24489    612.23     0.5872      611.62    612.73
 47    24629    615.73     0.8237      615.00    616.48
 48    24729    618.23     0.7390      617.50    618.73
 49    25379    634.48     0.8162      633.75    634.98
 50    25509    637.73     0.5392      637.25    638.23
 51    26654    666.35     0.5145      665.88    666.85
 52    27004    675.10     0.6331      674.62    675.60
 53    27519    687.98     0.7099      687.38    688.48
 54    28014    700.35     0.8753      698.62    701.10
 55    28139    703.48     0.9680      701.38    707.35
 56    28404    710.10     0.9800      708.75    711.73
 57    28514    712.85     0.8509      712.25    714.48
 58    28654    716.35     0.5573      715.38    717.10
 59    28999    724.98     0.7787      724.50    725.73
 60    29109    727.73     0.6951      727.25    728.60
 61    29514    737.85     0.8976      737.12    738.48
 62    29904    747.60     0.7798      747.12    748.73
